              precision    recall  f1-score   support

 T-shirt/top     0.8805    0.8990    0.8897      1000
     Trouser     0.9930    0.9890    0.9910      1000
    Pullover     0.8812    0.9050    0.8929      1000
       Dress     0.9178    0.9490    0.9331      1000
        Coat     0.8957    0.8760    0.8857      1000
      Sandal     0.9899    0.9850    0.9875      1000
       Shirt     0.8066    0.7590    0.7821      1000
     Sneaker     0.9590    0.9830    0.9709      1000
         Bag     0.9910    0.9910    0.9910      1000
  Ankle boot     0.9797    0.9630    0.9713      1000

    accuracy                         0.9299     10000
   macro avg     0.9294    0.9299    0.9295     10000
weighted avg     0.9294    0.9299    0.9295     10000
